10000
10697227
9625800
4933878
671805
42372673
40558367
17523543
292437
28548532
29907992
20369378
5989025
79737301
32950274
14128322
49288195
69564665
78874172
27806545
8374283
21661330
99052125
26865236
164311
23235771
4885118
50394001
57849229
21956619
18376517
3736482
412301
28531490
19854351
732936
31844757
41354001
1193300
7373901
474465
4160356
44314051
15947860
741249
422865
54830881
37375647
63015361
11863906
19182349
39167858
10601897
16039802
5794091
50431377
7166632
3467992
37067746
7505474
5719306
34590530
23839133
20844494
14136390
46218565
29165406
15953932
42614309
345445
24564101
9641913
57130231
17041252
3524099
34557409
10152124
3149421
13850741
33474871
29953542
28276250
5588605
36302204
25087777
2597275
12390678
5882012
82709596
11410785
774402
52652861
48851461
15434829
36092981
75815753
11952335
3792104
29364932
20415427
2762417
14431009
10374754
31917767
49335952
54930921
5946312
79566236
15993397
18169773
1568010
1125986
36256772
61221126
26722776
3713277
56397769
53601913
42511681
39612733
1311104
5793846
23379687
8955812
2216343
9946532
6726636
37208759
633496
5290958
38883602
57431604
4747327
16393965
44412148
6551740
902468
33357023
4800551
3955955
906211
62542211
6378938
5763563
36634415
1207010
16165767
20720264
16696500
3810913
11671381
3426965
56520693
12248548
1153101
6768073
26307567
5326027
24175582
6647239
26832247
102055
41906173
3008821
7541634
5120303
43362523
45589321
19574584
54647253
1417139
3909911
8282653
2372235
63146161
3905500
47238997
58349951
4012681
63063892
147242
988436
30365945
35386961
6511949
16953682
32013223
28885498
17450171
89276257
19020858
18072714
35314355
14319714
41999389
775230
2003999
2470866
78654233
50907561
38203602
89392626
58194956
38164001
4820526
6694678
19314925
28303249
29423522
3121801
12797990
4582657
67246111
20857903
71163361
8619804
5382404
15314670
269580
59728570
58022910
21790470
10549554
6166149
57650737
29887904
2239390
8898470
5514369
40562611
6917281
23295
8925472
1561720
6640585
5444162
2031194
35751410
2936514
43354082
32214
4808990
33677803
1799002
580081
40652611
22768682
61431401
2599616
60747633
9999145
55412828
11174407
10511713
10181900
834603
5011993
15568451
17544508
3915901
37729439
17143701
151627
67955776
12147503
30798
22556420
22478327
27392545
27607913
7661830
4727271
12247451
39411722
2685609
7161669
30683314
47629229
482766
53859149
42216175
32149753
48504016
58607716
51947785
95707613
12859625
14687630
41902781
10149524
16219689
26146921
534854
12906434
56167471
20843038
6023957
80246731
203570
650801
1416386
43437063
9710627
5353054
5550890
70596971
21409923
4737330
9198101
21804101
903059
20900573
2849473
21638498
6966003
66558916
31128729
35467434
11042474
75120739
43117830
51202951
35131224
3124248
18971079
26634842
41239822
17657521
78069481
2182951
15538152
47437476
10978206
1576631
11112
13851811
18819593
17473193
58660696
63803381
58702169
30659762
3118562
19279149
3777841
19337502
57243391
29649111
209351
3586656
32668451
1265822
76166777
2326551
26764981
16971220
58102339
19019671
4002220
6276409
8029961
32752483
8932554
1649967
63786927
30886705
16794142
6202947
30830011
16417714
2409218
6492339
10712859
13170059
10980726
21859499
10442316
4951944
18385398
9669661
1329551
1146261
3443807
1769542
2242941
2807596
2918856
68768428
2953814
1012868
37975247
48071665
79003
2483219
11693581
14945946
7075693
8591415
2414281
20872194
13141249
7845539
2684196
85691065
17905418
904454
6965973
1169997
12558194
33964314
6465516
24066743
9687623
18531591
17123637
53820376
669571
62434531
37425877
28670441
54870388
2169606
16304962
4778392
17452801
23427651
1023889
16418532
61064506
19817899
2789098
3727747
13155658
7658519
51554945
48571953
9444636
63143281
70465418
72891221
5318302
21282276
160724
27550011
2224727
9165453
24224546
4321585
931537
16748295
69912575
41292838
23772849
3938743
50632591
434007
23007953
218411
8285835
20362915
542848
972632
64036705
38673199
3301481
86548123
32592230
9413
7354805
23968970
4396832
6251951
14680356
13170578
20593
53687473
8315446
41691601
11240720
22861333
70822441
1760641
2241393
4699652
53631061
17745663
39561985
33105782
36580006
2691748
2022965
8295566
40811911
15818522
60516553
11272978
12218480
11759860
36162904
26275915
17909119
28244509
28208553
2068743
347663
11851597
3505581
814885
61799986
11475921
87472036
21971041
31964581
43830553
4143842
14009876
53121381
45398407
68990874
24732702
666536
6586066
5567381
14216350
84097274
14421601
93507605
35422877
20418998
191972
11632749
115093
83229451
6594717
32051905
16577067
4543307
11501871
2547916
3823935
9080405
7584791
17934367
11917105
52113645
54256544
59829940
1415457
20884825
30560959
15785393
59258093
26665333
14611149
12544005
11151527
6423560
44784406
261885
278709
11267473
58469698
1747671
62056835
123008
22495089
16444793
43013851
7844940
3691972
3775943
19509634
1588537
22292355
7523504
221663
3056949
10557755
1796075
16378914
22673697
78542727
4149019
91969505
1637200
9931349
1047229
16183567
1958741
5788892
3097592
24023334
44692
59050459
27168103
20862601
11466717
16064965
770839
1384797
22801743
31581875
652640
3021944
50470273
17655836
1223122
14610747
15972881
1053571
59281791
36997226
3130594
6001501
30628135
25383170
850518
2315115
34362002
9210872
42277786
14528752
29673925
17027882
4705146
828453
15589281
65206051
38203000
18585324
21069772
1045664
2649652
3633579
79103823
934935
7155938
2567157
2462637
20681227
19221089
6852931
6763793
42208804
2475163
84116845
26123977
37011602
2152980
8317263
32577981
25311025
7199821
703794
40916403
147207
53083385
36452963
26677336
31898288
7796566
23331985
27493679
11171366
4127577
11734868
8903065
89393632
2582151
10590736
11351235
26156869
9144585
45835101
9765725
6830308
12734177
26944920
5797079
5469882
6988827
43664422
24153713
1791218
1009776
414604
12689532
43659595
40200463
32039429
20520017
26465417
65861874
4328578
72967445
29772766
78408690
30020971
44052223
28132213
9157659
30710945
40678280
32270606
26081521
6610068
30165523
3447505
1342015
2216762
5299180
36971761
2157793
48726793
30944707
19354634
32191868
2045630
177475
31557830
2601651
14234267
35224209
11269621
20256012
6338378
16768859
1024003
211772
3062335
27018157
54636257
5773995
56641641
16933225
1261701
44203617
22126813
8556821
54128229
7462115
7665518
37049394
15661859
38073440
10832389
31241666
3800923
5919890
7876773
8443292
70898736
44904355
21348498
8006992
44428455
8773722
26433305
5421045
7100313
55173952
3373660
293711
26072829
3586885
31930497
7366829
6203090
2255538
57711627
710446
41160492
12201125
16056231
36386197
48151135
9434767
417410
39411672
3446722
4577806
21768790
24327566
36743851
15636604
2282470
13784944
4913238
10026204
41213577
58290112
16390636
5855230
31310033
2440723
7463898
17150112
41006156
10419847
8825442
5967928
20809226
2667335
40788162
7730300
46411241
2407468
2663943
12953195
20698861
6178813
68048
77377405
38816797
11390882
10560913
260752
29920771
2749833
239957
19086950
6210710
62814421
41722441
7663582
22576794
3992419
3564289
22236448
12073541
33760
39916501
18160948
1993119
24631761
40494037
95398471
87513661
23243479
4064380
33901081
4823499
9055929
6870242
12727307
39961186
4039170
37539082
3730676
8182354
82037071
38713319
3839585
75453769
14435996
13339764
2475961
16365
2880007
3423028
28372808
48185704
6180679
74652031
5223241
256251
1458863
5905002
22520057
3630670
4953491
42444950
35960257
102714
986838
123611
2201383
67473919
17823610
2869350
41580001
6795513
80402869
2054848
16074522
20269042
10937351
28017297
15374950
11945091
34238161
19829619
1508774
66634363
9257719
4513020
57579713
26365985
36630725
50584317
25809221
14496667
15308801
16695871
20424572
5808386
5133795
605643
35411111
67535011
2999592
631691
5003108
80056626
1639676
24457948
32449233
81256009
10491393
1915182
9325434
13675994
24921795
8544132
51612111
913567
2604631
22727011
31134721
1529022
7476091
4824690
55266058
2407398
2292238
23372681
45679573
3649982
11119892
2480107
3480156
22685333
38362248
42287335
1300035
4143363
1194999
23794042
11688609
87128770
5754244
18773612
11427476
632187
17048703
8873092
4497722
55016353
10650755
18841371
49902721
2237570
1250877
4489598
2043108
3574872
25449890
1179839
2454797
48148985
10523397
38940371
38630273
48400766
6433352
21692881
46935693
10071587
66482968
29338087
873884
63230119
30274581
51968519
13367526
4619069
44936509
4616082
90162715
5393388
77928667
21123439
2462617
15082929
28115062
50321745
30089593
2242571
25310688
32055703
20770421
11994256
63613680
11369469
7224504
8675108
11625357
8451942
21109641
600780
2268091
8478399
5566002
8671547
25917212
1354585
35760647
78582757
20285535
45621711
4932256
22611202
65566580
2637362
53572310
23962760
11186665
29730715
10328510
1829563
1415825
343557
12106921
64250743
10606599
15853517
14680515
7393816
20540627
1986001
15905054
21732502
15304
64899073
70244978
23571010
17900218
2428757
57411085
1336319
27905695
1747285
143734
74969729
12266304
10345457
46870555
7359836
1152939
87331341
20949602
1742402
717313
407360
30510944
16384452
63398189
20549297
34372801
9511915
18211
4586503
9580832
2123387
18916129
61565849
6388614
16602772
5190704
6830942
4964571
3978979
5900330
16387393
3096414
15127206
36492823
7649860
1266140
27427924
26914437
1125498
55313528
66964601
184315
14518036
50388625
38093206
52906387
1613855
22226282
4958544
7181057
4512499
5738245
9994003
25307037
55221839
46346801
11295281
88414984
10280039
40509222
3917567
7995003
1819414
4311226
28855202
64610749
38554984
1614556
5324929
12996895
12974876
35302593
2421196
22098218
13617082
23343667
81192
6961330
26773216
17920548
30600846
5204785
11416315
7441780
1273179
5336425
20958024
45377815
22627042
4993297
123129
17469541
9627698
55078801
20403508
6485267
21927902
37454860
4550510
6971695
28579884
9979266
18608271
1356649
63688045
2045176
2187344
19607019
7991839
75101762
31772666
33743438
23868869
1149598
1013717
11254993
9320027
10672456
2187201
57956368
40768758
14784018
895002
83142373
2225897
673202
49409409
9220852
47222221
582723
19081607
33263617
23784294
14813891
16066567
53235217
51943816
13544345
7338641
5563462
11293779
81892049
70227019
11210431
4621794
3629489
15980777
1409874
22051225
43948373
5637077
606342
13848745
25792993
32662428
11594942
42290281
8135119
43307110
25270610
1597804
72796751
7145157
12019005
15538597
2015581
28769066
24779524
7822503
93867225
18477595
4093291
5519865
15469251
15600510
26266924
27290018
64311049
346762
53784001
28547808
19012503
72789521
6368648
35164501
1364622
11578846
33211232
723371
2960476
22821490
64630941
41586698
12813161
14847363
13014212
59571345
40231717
8565153
44963950
3694987
46526407
63407029
38623494
7675252
5380967
772968
57147175
412302
4736285
53402207
20554804
7592403
5597154
9301552
2607050
33243541
53529683
15954677
30212897
68617313
1892271
45984267
25055759
99010
86997532
27110041
30836743
12903854
18588257
248850
8272821
54484609
1810221
51217066
78567721
2979255
4413115
4884801
38816532
2318255
20088241
76869027
5673466
9749679
39347
27777254
33136255
521266
3325733
44799897
38619271
32363805
8929241
57128712
25579123
97249163
25703741
55107361
39621651
44530009
44109973
16048354
2331089
14045085
17210225
51313851
4272562
8662367
5912749
16791580
24237670
87282469
28379034
24552502
3172938
2547947
4091011
38837899
3537977
15684898
61080846
19381122
17858488
92731
66256189
31133274
7996970
7353874
29725772
560072
24265561
10000513
59842977
6332701
5219726
2092328
36340363
2394502
3752422
2254276
23034859
6108715
7308047
46105881
11243704
211805
162876
3809553
4716609
12702689
1010685
683241
2324742
24579433
8168619
37244893
21619025
998627
4746062
11311165
415960
13368010
85627891
2510807
19925407
42224817
6395812
30339290
26088862
7429011
8100298
1957180
23481577
46557421
15592263
3809905
11432930
8288203
55891837
20826739
6686668
10863273
20354065
59715631
2144436
4318145
11469713
12776158
53915561
43829561
16817361
2656234
1958235
55342255
51745513
9380033
32688350
7530637
39819681
2255333
12921240
76746718
2368612
20649803
81727019
42690766
4756813
30293966
61559236
7901659
36011485
46843570
676884
23063377
9994966
24851031
43407013
594103
7088171
46532041
18324361
1632445
5626951
14325459
37839851
7421962
1279618
21485982
3408219
1853208
3236784
5433251
10472393
56457359
1906801
85681558
80622679
1022885
8071071
19448976
1192004
3530893
40374321
782101
45944146
16442911
56864682
31265515
67159554
15885047
1999845
94091765
11420433
50857237
3240324
1371705
7834161
11289077
43750683
42600097
49290979
11379737
57441693
2820771
25582547
43840414
50999873
14779407
8257271
293189
68978081
14319741
10873494
40161746
34782180
11851804
49494982
26594758
12483579
15792522
6515863
391980
56026
20549532
8273961
13897368
40071170
9818225
31592471
40900566
16737752
12288215
3233780
23913961
67025451
46451329
18064904
68235697
12230417
20161803
40960586
40268892
7069086
82141426
6434304
1371521
48920169
1838993
8814941
6799753
56684251
41142322
28252695
294703
27218126
25336033
567811
13027065
28239941
4239364
22395558
34620873
51217057
2840343
329055
2259644
12608835
58754534
7074740
4254708
37284625
35495461
2087694
23737052
8619611
27577810
15413302
41512515
20956167
54968662
59891122
2750485
12891450
1170458
3576716
3878981
17090678
33820001
26880284
8986405
2599768
58901365
37076311
55343576
261328
4204005
5757161
33151497
8696347
46207096
74063452
47485762
1094027
44673914
33015151
11600310
2489689
11623250
35358541
35070451
39032907
7505342
40548509
899761
15998053
13912127
7316868
1707163
17967027
51997485
1406343
13953777
61997401
61455817
11284434
51962401
1327056
5282352
12497256
32231025
16091455
12296554
3743871
114929
1147623
751255
18598442
1755388
7143844
1000731
5337610
6300968
1595503
16713271
17062097
9398145
30594849
30267074
29337001
63255121
10702843
7520765
70793911
297841
18638414
6634158
1217185
10892531
64409135
85070113
12969595
6208459
32392529
79341081
19676232
10204
4699826
4231657
42943681
66072601
18028010
12795691
481828
19032372
924811
26968034
6557426
10612574
7141206
66788117
58216096
4690016
5502955
12470519
48298863
6346848
16036556
27598147
45963997
17769419
6568475
41876946
59238883
4416945
36074087
1608221
17971011
37700681
8917546
2984411
799035
40984893
25642704
8728655
15694684
27660067
5001994
8581899
87749301
2380809
5632171
19630573
4994264
11434513
52463126
14374225
29284399
464206
42089353
20251315
7910287
2219052
34340353
15574033
50421201
20468942
4400289
12718895
43445809
51330202
8456301
15499921
83704465
44088940
55173719
9004087
6037721
39766886
12729192
37263403
1272422
552119
38446035
10723771
1055207
50249221
12098260
8766278
22375938
304031
2792833
36302465
48769111
7598775
5745176
8284069
45252664
7004930
39634550
11358217
348808
10742165
46031227
31536025
21914584
27475369
14239427
42089301
4182574
193492
13062596
73821183
21915896
217373
2688231
74704051
21973251
26903605
93334
53199301
55402426
22233916
1355619
4546273
56710641
15304097
24143755
827919
37029625
1933099
9253088
65156785
1517420
77132265
10171287
34834871
52215801
6678154
15664466
6243
70552135
36479508
3291291
519400
21115132
7838301
3799999
23738329
77623789
38788086
12211609
8387683
11639270
47926901
3799383
45702402
30388221
22525984
7956852
2166006
20820493
39338515
385241
37955048
72829603
41015772
55617241
5196905
25142862
73344673
40343382
15665501
11018326
18582198
42904737
41951443
7636272
28267707
5524258
1698565
18408863
11609259
10700187
8093620
73855189
23186945
3263028
10892878
894222
64668467
18054621
36994056
4654154
67723051
34846849
23145497
2251679
52661179
17936759
21205300
86185303
30684485
15427
19664033
48954298
60164956
83707471
18933800
2549320
9582447
12376986
4092282
118706
58866965
648637
20669258
1071323
3455696
17930701
44114041
8236756
11004580
15536197
215873
19979626
5129136
59857617
346650
69697416
44269313
15531988
10235478
29836636
4849642
212527
14153484
1518196
5397197
22332612
17070854
4709875
5459081
5804659
16089684
7270202
33916727
2931272
6617443
32998726
15874681
2854999
6923180
13804420
631772
18119708
5494204
23035129
305432
6601580
3765009
2739043
26465635
17644169
2521461
15386585
60398185
83984572
34516929
11099527
2957339
46313349
42152759
22082341
65938689
407051
249180
22426131
8996275
15809957
34174647
10693685
13212281
5849953
33870542
6943661
5305525
25934861
18635961
55957518
25583041
11183173
421974
12484332
570776
6081430
1131157
2168602
11318556
247279
4184885
8055320
6212774
3596052
2378606
22158222
22073314
13497688
1950647
58117381
1033121
22589732
14566754
4754973
37768
265806
8422171
12355263
65144915
24104962
60404401
16291256
17262081
9347032
54102289
9174887
18144409
12516017
67123441
25817286
1040041
2501390
542146
26178473
902103
58038633
1603084
27846546
8789249
2433383
47284381
1499915
2342008
45559570
45634733
5129060
3321603
10551311
11279125
12726612
17981644
8758751
73532
8299280
5781601
1992437
72308776
206890
12648540
9911658
14286829
5680959
21736348
9683367
4640370
69279787
64420337
37734185
66862195
24573922
15036384
38069814
18627941
2553890
36843159
5897236
9884573
92451575
41567945
9120241
22834602
6842851
33183151
17074630
4512241
18504920
2121127
15235269
52865051
2327071
2276188
6501611
10018059
527090
4853881
17004648
29213852
1661451
7682126
19673998
1758600
1682554
171711
5593181
2800817
21960189
4769090
36574792
38415124
45650739
55196361
7343715
53372401
26657428
727146
381225
25505661
851453
42494054
11927780
29514893
3949696
13870308
8693355
53596110
2057782
216709
1818751
56653961
51336001
8779957
1619258
15365187
109454
64949344
12370052
9606884
43439626
50837410
7936047
25506613
30436707
25691798
3407692
375551
62639507
24766281
6124493
5210665
14527437
226987
25932312
5565659
1532961
5055859
2112162
3982640
34201442
57170821
13825110
49253887
11158469
3407224
49940299
33941737
16363191
715348
17668233
21302854
39316201
21954256
11254585
9903157
7382027
41175753
25670245
34024321
59741031
6834879
9222942
10626750
22935046
33137345
11431987
50568697
44722465
2750891
12197793
626678
24173492
10366479
4191097
36248019
31487919
21116233
28774721
9856566
520300
1983800
22169227
24717916
2351658
2303913
91821473
6770523
752822
8963703
14099770
5688112
7598758
28980992
55004749
63898249
6318532
307609
510429
17826450
17896
22708477
4247486
20722922
56593430
11377663
74464171
6182265
41068792
18186816
4928227
39014162
11676300
15717935
10740451
53545008
58804489
19718447
32445692
29580027
1136676
73401922
476167
6500720
48060364
67757689
80073001
72637327
1995789
3388014
1103186
22866706
21344720
3474901
39825883
30737937
5175466
72255793
40275289
6809764
1042647
9370855
56803825
6090628
38129454
52118829
9262893
36654356
5664843
5405055
2200815
12293437
3683262
29741995
8433001
23472248
14457469
7769692
26138114
2056564
28739440
55053951
4052093
6637058
12519911
7164061
37353961
116363
43930126
9249140
18808994
58565537
34810609
5811211
39487463
69339193
15253051
14603161
62853274
57055181
5648834
5661152
1109311
13486301
4440053
23497587
13876160
17720915
608623
9385438
12022562
39950411
6350205
159841
10903687
37832992
9607681
3679590
2781983
7079878
55582432
3103699
6397583
18047
17339238
89835321
13167338
9354994
2947628
23986873
4375612
21924030
8926238
5071958
14706345
10639254
20625717
42050421
12637552
32777053
148822
11955373
4791604
49209070
32964965
14917521
5628988
584227
4818531
1587621
20060462
14536657
42403726
24270452
35516449
5811373
16791073
4167829
37269586
3892117
24889668
10594393
20784602
34463617
62968913
35045663
17903389
12494165
53985961
54248737
3088781
899975
19291929
5740672
30954962
1700921
36586934
4640850
13509096
29284576
11193989
39164402
26083982
16608118
5328029
25896754
14013578
157183
2849690
1267322
18204293
59523041
16248501
81288329
216582
6025026
12805836
22578019
1412049
11056588
43657327
54284856
6353850
9091126
14708390
23439992
36997
11371264
2537627
550854
14554676
5116069
27806582
14457004
36969633
13205193
21926311
10768149
27054256
1198197
13747197
24031203
62459500
5037599
32862513
10049887
4055389
51507166
2449525
32339569
26283017
14673683
74484101
12755442
14581790
32867323
9793636
40786014
4111109
3175329
9542005
2786254
12739705
8831266
54216397
44166926
9946225
24068017
17790635
91669569
50664346
17674836
43774986
3855724
2115155
40656277
441142
863330
36157676
93944551
59359189
2679182
16189485
30266118
63445141
10200977
48226184
3666659
442434
5900531
38930241
25110226
1417393
18810212
31608517
4417657
55701993
4742005
15503357
41554385
24335599
9141446
19441969
157092
29054065
35875009
4223943
14362493
69279717
3975667
5597275
11807746
8441706
160257
3739348
774643
1747292
677953
8382768
74587801
6076162
5979567
1986098
335618
33457601
73744861
4068002
16194993
10369898
35755648
8659284
535957
47762166
11493420
5760929
3279571
32222337
66923286
41312809
65345333
18287624
18635401
24710428
38749696
1571212
44963281
4784108
11992203
749489
7034165
20366103
14863843
7533349
8676741
5282404
5995042
16350322
26064274
49183996
160719
17154557
21655032
17767263
14319893
69027169
1774687
3428104
4830940
191117
4022516
473855
10325903
45038811
830592
7144354
17990299
20405352
877451
36392491
10362553
949831
14394782
28268929
23183836
63850770
16232861
24351870
47745601
10393158
26107490
18096931
19312356
5734261
69047551
8052099
41813451
3793653
34825844
1834296
74160521
10082996
48509793
17759238
4836398
7808398
48346999
5270321
5973254
6548173
8540175
28555026
29612029
373566
14402698
12488972
39275167
242783
61503751
33952851
23121215
82803
43407212
11865625
6203121
17276553
33955429
8541356
15277597
29397617
31387625
32404051
684810
55867826
5778369
15663829
14591439
5821115
10776284
4548121
93912064
11703949
23987882
68490841
17693676
60427060
61381297
40387777
24150671
2563067
1671490
28288927
67906051
3411301
1549216
20717403
49089218
1407172
9133960
6993176
400904
31275001
10614241
51254185
11342005
39188735
17125383
13606820
34095562
43623532
11080006
5895102
13418593
23521915
669791
18281546
61242973
15522080
41293123
7606755
1013729
5998469
56709023
10777446
2716885
7338786
4232394
56965234
16363504
4977999
1241137
767751
2294909
7625619
424105
73210021
200221
62083811
53098448
31154537
9477574
30410419
4925106
12257001
19998196
10878585
11995611
15479640
8552682
44773819
2888426
7398010
20634175
952414
286565
16054527
56386355
29260801
5427971
5242809
15636781
12401885
10602713
45855441
6565656
33238849
15385876
3358658
53089165
80355
36036091
23690536
39131401
1764882
48529713
59971003
5185801
7763475
94127964
9804709
1612125
32196703
85245025
7801597
40817801
2341266
47483731
80441666
16595551
22612937
2410515
30726083
65521026
46238001
4321210
52117831
35195937
15386186
60673761
7231290
2316668
16016601
66395021
6594369
71014567
52328998
60239323
29916355
12171116
50669924
23881816
47282001
30387234
11768401
10180611
75369277
14888369
4722485
1692769
17552813
49019292
59544801
75796995
4273177
32738312
25000312
68319397
27655727
69541791
4989194
2961508
79514872
58628377
5158786
47973927
48043057
58898269
39910471
24866865
4311535
15905739
74339581
4907002
16370654
35327605
28943295
2090002
1478882
19188626
5621501
4445329
18893515
4812752
87020533
5488407
53928841
7801672
34236641
10502169
850020
7889584
3656309
35272
8291413
20339572
7087269
32536065
556034
5009027
13312952
55606057
24380280
1596050
19986823
11445890
2692772
18206512
76322158
26224303
5808188
6899921
996133
27780003
65231015
8459156
15031108
9892925
61461901
121757
11437700
4285067
7818661
12434233
21700019
374103
2015761
12540479
24554387
264059
97009276
20137211
37625571
4902437
7888154
23568903
10927717
2469437
2945388
18513985
66223705
8831796
7911665
3593352
26641863
3333923
8913857
11529902
17813316
351326
43822574
42530431
87066043
37244174
39347796
5248762
5018759
59322544
14211332
2290403
42060481
20327013
6656803
5647321
2401116
718136
26399121
53618863
7519052
39363326
3915794
29278081
22049845
10092709
48273713
42859855
3070596
2724352
8530992
8117544
7601758
3188158
4323339
12703601
231362
13182210
45726806
24746269
1141357
45021
1730231
524481
19277937
220234
13363736
40921491
26426161
2794531
3684669
16487666
47773986
26090932
13993427
11118091
1034591
1848981
20473312
2268680
73264017
33046951
11380337
59624800
3908803
5570608
12700802
4795638
18844414
12674603
11231343
10264536
64432579
5330433
12109299
11981612
7321340
970949
9452429
16358863
3296719
38324976
1816971
21654135
34601370
48773303
7068606
44520681
326598
20353016
21262097
77910691
9766153
74725311
4931718
8374624
24956787
58386403
4632106
20071204
50203936
53842251
736948
772797
50847651
21149677
5069069
19024227
177175
40148809
12528576
3562831
12630675
46330425
18003826
2329948
76510695
2240353
11581252
12909547
194165
20940812
11720589
58395559
32897642
47975896
23657341
124704
38605737
51185577
1313647
45857760
5726892
29114191
37203882
48074846
6018277
7294255
20550183
10728890
80843249
22341189
41963654
16758636
25272519
66218968
305137
920343
49549501
45363626
10389728
9988654
13471000
69026061
28654601
6404443
56852705
1461037
19913861
5565696
47814337
72028014
7174337
15996709
9751167
19538253
40025306
7132999
27427731
8799158
53622183
17261643
4544102
857065
5332608
10318001
962240
42433669
6000470
2098547
5849138
60011446
64119751
9058401
41451269
924432
22339992
33273255
4234277
57733185
12985573
25929247
38982529
2721090
56062151
47488877
28776102
3592405
40659711
17714515
72329986
58806331
1142626
6821374
33513343
33289622
5580833
4151912
17250013
26723432
216822
557770
59388233
676336
14626521
42062215
71054233
36500248
12768363
74298259
30322569
12430003
5726617
12087839
715398
12587684
10978705
41849089
23734105
60404383
20065801
2966016
8286487
68329405
9407801
2101929
50994447
10437821
3652284
24756981
50908711
82725401
22833166
12156357
4878322
2128331
3653299
330754
15328333
15950223
3076387
8484304
5307834
13511047
52685061
4234783
10793491
46039916
393190
7487562
13735923
9978888
6174829
18819767
2108517
1010350
522586
37318752
10027265
23253021
2604750
3350042
7096363
6283989
11286609
11365923
30299281
31117989
2110285
17948968
492638
20518634
3739411
27929361
13280235
63474451
3564141
13472867
9506253
34817155
8108727
6127592
456494
14484893
14708563
4525989
48441075
2493346
25058231
46669393
71207155
5733421
10311237
27787015
3760880
32746006
73126347
33135747
28098951
24230579
43782545
57152705
55011091
23042663
24678369
70513291
14339642
1616671
21842327
22050414
21885066
51948
17921498
4999279
2236175
183992
17447330
64333073
63582520
15730094
10442491
4850771
48204040
924652
6372801
575232
37342146
69131998
12801848
31462633
66909033
33188492
45256015
29849678
1674201
6372496
6637835
14025371
12053634
22942105
406889
39707560
12319300
8134478
1108732
29449619
5991847
4628657
2199565
9850117
25509377
62679201
8997439
32656532
40325780
4445212
4164712
2472688
16430903
18401186
3739271
7010825
4114907
4382906
95824521
55930251
19562701
69544491
6685521
172382
1164621
68784976
45098626
1907906
988109
19832180
9985981
18842979
3184421
7909401
4739717
2553704
64759325
7536728
61573025
3673586
11566993
17164925
3929174
34283894
13220227
3470113
11874955
10321108
5395994
34541011
18732455
3449377
28766845
79857009
14262628
25112211
70838401
70302826
30048386
67321
79512841
10870204
9551947
28342401
42386303
34421976
3296713
365084
10850571
3710704
6875359
11563066
842118
3003416
29470312
60281609
47083866
2635089
22056068
12655458
24900014
8535131
4928367
608347
6918206
18010383
8102399
1311160
889074
2900799
20387476
6439514
41739797
29331291
32273515
27206609
1862224
39035857
35276167
25555951
30835341
89987812
57021181
8923513
64809207
41759859
11636349
20706813
3679962
48415361
7663824
49443035
28179203
7936940
49385837
47222526
58023491
16792144
426033
87483823
3423763
4469625
37592886
29058466
32924514
7051644
249480
120663
47887127
27709661
48502973
5699406
10266858
1591139
8710083
11463424
5624082
3999577
25507521
1963026
11202667
4393792
5068213
31960728
10242902
7019825
12016317
42349
5068044
11444048
48884237
6736341
22114676
8939653
5917723
25632433
1008119
913921
33993546
92072507
82943641
3050414
24433132
16281315
1959181
20256625
17915662
30847605
659362
31622576
29045843
22031487
18014887
36214561
146479
2804404
655972
8684546
27995647
895057
63577070
60760345
40402657
6584
45711151
87129921
32619747
40675561
13523195
14964404
17123255
18820972
16331508
7577584
28816694
8368953
45586187
7314234
13342131
4367185
74967982
74722061
36196237
61030501
13303324
29902202
679217
10632902
5112273
20791323
10821050
24215415
19554013
5405169
7261598
41911950
9813
15046417
6728683
4565475
25352555
14430805
46254816
18149209
69896833
14444466
16492089
14921993
13394271
27662307
3672213
24786217
76253690
12189545
8036037
25539698
230453
3267369
9111055
19553687
5460322
53500669
23781298
4763703
16005230
17564362
8507340
8172957
17138
2181045
60895357
11610903
11256625
3139705
3730762
46537409
8213581
7418581
3248372
35855361
1598827
3486915
10062773
67322221
1535114
17615575
75353
3772792
24279075
1484003
64320145
14538852
34181750
2923351
63763441
15520785
3969005
49605061
31504903
37308779
2658625
53351176
29674657
4155668
7519912
20983154
43549781
37369201
34777228
8919373
34587939
8241128
836891
6664322
16537
31374818
62307550
46217650
37094277
14420370
31742300
45286270
35106757
16032563
10263285
15063811
5733251
33855124
32326085
34727449
13629421
85587337
12026801
3519444
1734666
7928015
38637650
1179518
4149523
46964611
4026196
11468634
23944638
28226808
28792682
37909613
6123813
12385927
41786299
1688380
20007191
58908478
20121251
38273841
14972359
49731361
2656993
1029762
3260019
1128924
2975560
4869480
63984063
11071394
35751678
44498191
57803095
10092021
19182258
41158884
10536934
64110711
45964258
22816152
4198984
24104224
1338945
13024833
1652467
15619717
22087792
33257436
3241907
77221873
44516575
7618301
22369684
9283138
87580611
38932699
19455841
93310
22689211
2262613
15797821
511435
28491902
2094897
12344571
27344290
19171203
17171466
28566121
22311362
16309449
39342292
8380859
38185993
57732709
32218693
7059709
406564
41717201
1550073
23027502
6156956
25683182
51920821
52800985
24985260
44677608
2313977
25149996
6171563
2821958
22508024
3846785
23839480
596391
32386277
21684090
44870145
4753212
1083660
20108017
50211323
5128670
18363596
36473333
49889498
6454637
4162305
13765144
13585153
21668817
20800135
14501875
67222951
14807007
12147094
22405703
41093676
77286353
13859849
7777650
66123649
3714862
29596897
37611618
64124047
5022314
2629285
324053
2896683
5801659
51962281
89067133
3970192
16196235
31338089
31225069
16734705
1298953
19381843
10330554
13400707
4479455
7219269
3223013
36450415
3798109
24933289
2278154
1677592
50765205
51795901
73264087
4875966
43295244
22977746
54917549
51365575
2375841
1107337
2288683
45048319
4524186
5412167
18915826
6728380
3667119
491678
21127787
40050155
3263745
4325099
68969825
1348272
12579043
13140222
1834309
36124322
15130169
31201780
1881153
14827072
41167314
42934633
19365776
12932003
76105152
18582635
34954
29735648
28021941
41715873
44309437
28858286
2164738
6505735
4266261
37725959
1901347
29401943
25482935
29738345
9457113
3729777
6762181
11637265
24972577
91882561
33164681
869874
32022333
6625237
303054
5856302
7475224
32408937
33342788
78828982
39440695
29721374
503541
6593094
50259940
7994995
36826700
19900527
4073421
5386670
10422721
1967647
7622295
3734098
21103331
23111371
23290618
64878004
10513126
253001
26750141
16535429
365011
51286491
12842029
4649548
5205731
3340273
41671472
27707810
6049011
564301
24560
1676081
28340841
19297026
22165608
13903868
4426402
3394719
38552954
23781079
21671521
1296991
819543
59662065
10137329
21665102
32402900
22686902
81858107
14362790
87876655
4020507
13239227
47777647
20334226
8083154
62723473
10332961
9978649
30134054
1266582
11160866
21647267
9654361
2308942
4884832
2361365
13659034
6217751
12581131
209621
665282
6521887
11645481
35793577
8007667
8675481
52215289
5323629
4619104
2513025
3893746
21753265
41650921
17724270
48913793
2407510
16086557
1304340
2466110
72116937
6847744
52132951
6565803
63343085
50292845
15936962
29242583
652765
6921254
56257741
13682552
17676549
23117492
19546738
4029481
8536649
740263
2303266
3953709
3545318
58106269
8789676
526717
41108924
11983582
6245882
18505874
6667695
1397916
13553605
41573809
12468775
34883027
14729255
48050274
4630705
14138079
45570449
64201249
37742461
366991
13571574
19455224
1027108
5313157
4111753
49664385
22963335
26756207
75751029
13962906
5505469
3007719
19455565
4176954
55440826
6717154
3861262
17181011
13914125
5020841
14078981
5841007
9326233
7778149
12713283
1428731
5600513
64441306
1742339
14273782
52183479
13301826
860547
954484
17333615
6428452
1308749
60583105
8646626
48858715
58222273
1842126
4798082
25734466
26466910
21428965
572477
42081121
3503667
20185634
57220649
8902658
26416419
13074964
31836945
9214125
3974686
53640913
15039126
7895837
34855588
26058817
25664402
39423257
13487230
27805362
861004
17694389
59562663
46677955
11315454
75047545
4207365
10742002
12527812
74409833
7747279
10673455
24687241
12189451
2421059
15165337
1436109
22559736
14997845
1783702
3286713
3198795
58281829
8865574
11357132
60663435
49934501
48176819
18184560
27268801
9422208
279575
12034231
9395903
14506388
10606360
10777213
17097941
53094952
6029498
10480706
7649251
1321630
30067583
79884397
1130098
1713899
49360861
40842946
2125089
28970407
13453840
64696971
1055008
37736251
33992883
4555283
7568961
74573608
36854456
20289325
7857305
14731293
17747012
14992827
19543921
4085122
15894177
53098369
22507921
5529553
10721041
9304511
2351034
81118891
17545170
17699641
8243462
22426917
11438694
5792559
627526
1652775
13760609
2591819
1375013
491569
9848356
15829137
365896
14066700
448194
1429808
617206
12437959
49514398
32968498
15304639
12657492
4755835
4051725
1028286
63557721
10865473
44557335
27684593
32911976
4619581
38736466
43026412
85123549
33655388
2241269
54197017
2985129
129805
3622370
25146032
72924153
4243729
4602599
4034716
6665202
10964886
42050882
4504270
4392962
4963902
14736002
31644331
51313681
3634094
18785141
1551041
93432151
16273921
60664338
86798810
5432351
17326362
7541561
2158901
53123806
7259003
7602409
15374062
22866586
17583203
3997
36250782
366752
5542227
49102275
19400021
15285988
6065981
59233411
17971485
77231386
2225963
2696994
8502732
4619929
2456496
6369637
52285949
43323996
53879233
6979588
8407084
18088200
545142
70426267
44656249
38236805
9667849
19236717
45318967
1320389
21408289
56059265
69675816
2735737
20296575
20054691
64980670
65979911
10799887
39149006
8529328
21706387
41100711
5582178
1407570
32621829
69672393
13745117
12434311
3904828
5122800
6791450
9139849
42730545
18589021
3905386
9006694
405033
4818490
2935214
1584818
8251376
12700821
29199313
15398461
2912210
32907818
20834857
50054842
24733633
9317709
2869138
20971196
9563114
6549249
2264811
1045047
50371841
89637731
8427565
46660201
8456346
12526706
27627723
5877586
13458263
11659795
8280619
8275978
48809105
60665218
5400072
26629821
54349079
5109164
6945408
949036
10480464
15813496
9309873
9868105
44349026
5381800
49954996
30823404
9907044
10514661
11768813
864708
46075165
423130
13483278
1144593
63832349
47433292
4654612
1122200
44625659
981644
4936003
68561593
45026011
5322707
59261497
2364747
12679868
23426443
32079992
14013612
47770137
66027338
14240638
16329800
16238402
19752708
3471931
1990975
13548021
38949265
45455961
13022682
36167577
30165009
4701261
17961035
1349137
52422469
1145191
8201940
26067424
3043642
7129868
3815127
8597618
12759596
534246
47040081
3649336
1890881
8919415
52178951
12619986
3976448
7933147
700156
23976473
20880174
5217857
12374182
1155312
27206600
42025249
5981989
36061963
16396385
4788797
3811607
39192931
43740201
12938944
13516161
14000989
66467512
6228344
8197269
12374590
66560617
4290197
11084763
101987
31847321
66173761
40831667
1032230
22400513
37398642
2068268
6162083
55631425
17840884
42438471
3049484
5965224
1347245
17836045
487452
21895109
1374530
25613193
12805359
393429
46647205
1046068
29069237
38628431
39789186
13345309
42414157
16207878
10938804
356611
3895708
38894941
51981873
2764127
8422706
41025125
7262095
42979259
1085701
5562747
40945716
61089126
1960310
11352662
32697878
15734326
13638132
64410468
48434541
39141054
27248944
25721988
7160531
1632578
3993827
2800517
8531195
14615642
65076367
66571432
57877821
57248481
30173071
15827939
16328137
8493287
975627
1062140
12918082
33452938
16496826
31446646
9095886
476112
11723490
17389348
3749066
10938398
71872117
14340693
7928833
5241307
5834137
40707661
2263033
8052149
17499402
2366592
1357023
3231617
2751175
15756076
13418789
5317518
56560741
19793341
23142322
2153265
24074480
11426827
25900759
38348155
5362786
18576315
17053077
14832861
4687375
1745711
4540772
6309901
22223066
86151297
11555109
490246
28495037
2847106
1978381
47718529
9701697
46852314
41304121
24646098
9531468
16588130
14556020
37074505
87749943
71599921
343376
12009143
46205527
12850136
6920641
8005624
42882
26775253
68411916
6265148
40385048
7903704
19391132
32861826
13736759
35131216
2898999
20934344
4750193
8829215
12708935
47644731
27984
74014663
71104375
981905
4382577
25443699
52310419
7577650
22826291
107776
39978793
50207986
3175311
180236
21445765
2304803
33029011
44892
5235539
1160146
9053415
5033204
4172427
58915733
16767158
9843450
64720342
6541082
1964411
133891
6348742
25615
57611785
25112493
63031516
56728657
39317961
8407709
13598355
13053551
8317171
13039850
1675258
42746292
42240451
20938503
63941761
14481408
4781525
2314953
1341033
62974549
32468695
40843575
8151013
74510481
51636512
138849
34375132
27775031
11973174
1814417
20468323
1727204
3988066
28784208
5442797
1294180
15120974
27840926
22440474
41254873
60195517
78807331
24342757
2059652
88371
3015617
10427568
4762965
78492401
61680232
10713056
37580699
12608859
193198
17881
27430335
55751947
59888713
43147805
3624262
2138692
3172139
19630
18087361
3744001
8491913
20082181
37084091
6787508
26111059
1296354
43208008
2571519
42209202
14013457
34301827
11712214
45040621
4857364
5902123
1571348
34505825
33013437
656385
17124505
19313353
31042882
22129881
1961707
75227821
2471482
13936737
20123649
11855555
53693551
36845
32901289
6292995
36943419
2342371
49597
11783953
6253793
12806449
2265498
10845199
7945731
11303266
17921282
60782627
15671847
3350483
50689246
37899082
13170733
1475351
190549
11548321
44645853
14961263
40997865
7970981
17489963
10480640
7660716
5281916
13194362
9238666
9726210
866853
1064930
10141688
28521603
21625669
18596398
8226573
4376569
34197824
3016731
688225
46728595
55942048
47643025
29889970
61208569
12194183
15128101
15723922
55996386
26036254
43420461
415141
18804948
26291498
81217856
30588923
680899
480257
21001347
51506969
2217373
1809634
2053328
27050403
46295450
23561253
49495748
15964441
11230321
13061793
7094915
1519012
50461711
2960367
47299163
8234980
24244151
15797684
1930339
16616927
23261171
5654930
44334607
53215696
28954782
18402241
40727023
31185601
10905616
39193441
22729732
11855897
49613114
12734305
11771552
571526
14752484
58965774
56584609
33916615
9647
25590386
71408926
2820115
118573
17132630
46598765
1720655
28262401
80651461
57320001
40937690
37669321
11172737
28214971
28657777
9541934
7555834
38966313
48113611
26623030
331931
74383467
32497597
798768
8384215
795019
755003
5884376
2144016
929216
45306465
3280215
13914533
55544217
5447301
6677846
29026599
1798755
17530888
6498541
12927910
1671790
33558891
24047402
54031011
1435610
827926
29252041
25163633
868772
18038416
17842851
425194
3676279
18834882
16538039
17803532
17722092
400077
8327554
7218983
835009
6417453
4609763
10085735
496489
8972881
9767157
56415673
4167218
35224193
67108233
2298451
29261593
22288501
7489172
5049173
15169602
942842
3155833
44491366
10127755
875571
34392889
1462840
10169363
37880389
41713761
4545189
2255222
62924125
5258606
63115801
24754413
23330077
51124333
17213677
8497046
35349481
32003812
8114065
773830
3534725
1519644
3645468
19830649
3569501
760396
80554501
77264507
14968751
3684891
59512842
75041
431005
8174153
35631077
8786210
15632373
5244761
10081060
9495273
60343660
8757352
74503828
8180477
7533689
4644912
7555010
3780906
20937101
18414429
17173401
34445
41157046
65124515
42475458
17449412
11490229
47862622
10714
3188777
11333952
56386851
4653505
46860705
4170090
2380770
8500546
45794945
69531
27044185
93398
8549025
15463518
6338518
57711195
46632426
13349603
44078899
33621505
22257124
20954270
10151517
15737547
551894
3538391
1515164
1808219
1090559
13371288
593568
10685825
25864200
3797774
1867990
547095
21676520
46966111
17522947
35818397
22799702
30297961
10349807
19924808
77280148
45879770
1741473
190944
15008294
6705469
20254521
1149142
1069377
49283671
19323689
3946849
21450162
69293097
10157448
378864
88978
2170466
72388699
18205241
27730081
21988418
64994177
22543543
20151951
1123172
13677962
4897548
11115413
18583616
18877052
13869278
1355364
10410049
15123695
1523281
7980161
65325478
1422289
10999551
7944194
24903846
3978265
32988151
1284508
4533337
2034799
19090898
14035180
24552569
53449838
4174082
24434581
41475077
25307324
53517781
34978749
22395257
1963663
1319490
5673576
25343183
670561
6540627
12848701
31219350
15363117
32054057
6546828
1324689
4658375
7560255
13743641
10384606
44439706
24940279
54532971
166531
5591137
1807671
5428803
3968284
8130333
1079536
48402251
5289467
74739505
8992512
10601298
5927353
37464647
3018711
56654909
49128676
8961832
50926081
12075649
12022639
2216667
12527347
30926721
60047665
18176164
24329005
29396684
47361889
54034481
6768159
56220649
28533801
54384973
4605953
11226685
21582941
9210057
2688077
41589361
20898601
25258081
30084549
12949483
1370874
1991132
17201270
6582424
27895942
3840209
28565251
73711023
935902
10100269
55000933
73159607
18860518
27382739
45018560
9327132
43578881
21818728
5462668
1817467
2144164
23817723
9054759
25733559
12098946
34504761
62068735
9527054
57501721
4281985
6512687
21874608
22453926
33458565
359967
22464403
7433728
28039622
3077894
6897243
18223857
9621647
56787220
35744842
7076719
13596588
32360772
43887889
10039647
618243
7460747
57486945
11903412
73473155
2133759
31115393
7369605
5822219
4050007
2440907
1302556
9371852
43931421
877665
2148740
46892592
627745
143976
31595888
6595001
18110858
42632008
297992
28357449
65065001
16163736
84940273
6986406
47093785
46211965
30572321
17533261
6981819
12267201
10634109
2073581
67211617
7394262
20365058
1413431
7157453
38279697
52998265
2838476
977047
5191894
7503804
78586513
84328501
23542
18539476
28857193
11731089
39196459
15030615
58132659
19791955
3917079
2804818
14730635
1232807
14190268
27331009
25913144
40113841
17905054
15282542
9913893
20827282
76439585
27227341
27673136
647964
36485673
42185781
43119701
1352019
2643653
25262087
551744
28680478
10573997
5323757
61092538
11633282
15601015
23236315
5736548
444189
40630453
23230285
942523
34402117
17382055
45777376
54906307
2255256
56303382
23439083
20757206
66600038
77875890
47441626
42087187
34759495
66672901
5014829
70816964
12350311
23396371
31103214
60506164
11800244
1127142
3607953
19368177
14682052
9225876
1085022
4308461
9578331
262811
17322200
28506666
13018321
14252833
4757057
89488913
7451807
4236435
5382946
4016294
4371075
21923941
10198333
1385311
77231011
12059920
60541441
6166054
995057
131432
19018524
6643170
3535690
296341
25701704
17957039
19132906
1336647
31930931
10808485
1278716
43118503
36977166
66648297
54596953
4093497
2322002
3947958
488251
77234792
39036593
2161287
857502
1358026
9378350
14981506
5569863
22615917
33364983
2900255
58654103
6506684
24574021
8997633
15500909
11645826
63171249
30176821
14506857
2791051
138931
34970561
12975635
35513017
33257597
1957198
3758874
22522027
23471918
1331981
109162
13987922
1034696
19197597
1865713
15180335
75458851
61307220
7982151
9448451
3560489
25384352
34245442
2045673
15393023
26691505
23929292
84899803
6385493
2890805
9078105
18980361
43564954
28002756
4107805
9826539
6033486
5530024
17291403
4645334
10630640
10765287
38615990
32944107
60268801
23005810
16651629
38914358
5902851
4751636
3534121
6919
619667
1300500
8334582
18993372
49716511
34716192
20827563
57253065
5088881
2195659
46427059
54254241
24974363
2270886
2229247
3588525
806130
14223133
195899
90895
1365135
17098201
46189326
14649243
196829
2143659
8018500
3174927
6170470
600365
84978983
4785763
72940878
55191169
34851956
63100864
11513889
6595016
23555935
16674555
20379208
30287896
14430692
2486935
7221960
31672264
14261058
7581
51466108
47223720
20162281
4819663
31584001
26790840
26708003
11151562
40583338
67666177
46142531
392066
131909
50718481
44333201
55276033
74398234
38911602
11054223
71224951
1713081
21707512
19663142
49401559
2311208
14453086
2282082
52031539
75196339
1219613
16159251
32892666
8055645
38184257
95951611
30106333
5668538
11839020
6984672
3204587
80309318
4222238
15834621
23063463
10004043
44216360
29308373
18685523
1607858
39627736
6231410
8536410
1067743
411321
1915399
32598632
20159659
24081382
1201062
77795
5144406
9295865
10628323
27062113
50429313
17009549
84592747
4880297
34159602
1384156
15053737
18242838
718594
27413063
5682253
1394850
11332917
78424481
3510100
76718257
30790441
56160469
83013129
2562683
10679740
16559478
915685
47726389
1979815
36161296
3395491
15541309
35993322
5586007
18444524
4438460
3981776
2961803
5486977
34981949
4724903
4076124
21137362
18841
32304278
1916584
23557425
5493761
93961873
26785420
6553801
54026209
15029249
157378
1665026
61768459
21335785
65976877
3937054
75912849
1304163
49660994
22822243
20324767
62761921
23369684
39536138
9402308
61664857
597412
6395926
11128866
56516545
17590721
21349841
745700
41216769
1624815
426555
13637353
5223135
21665532
9133442
2083699
2082230
4156676
33133376
27617436
11445625
32613286
142758
7964449
4692096
4452883
1331625
30856813
2790267
40940299
6461559
23352034
13058597
32474
33106942
56309655
64421161
8161057
25246761
4544939
9721712
6823342
27191809
9024652
23282508
58023037
79577269
12061410
8138585
9117549
11276124
28874481
34593226
55531521
2859674
31687636
4585290
17116001
64496881
1242764
37272546
4274199
12826405
9375694
3707806
54309367
3528595
31163503
16697409
60728856
17509538
6548596
98271933
15521426
27489463
64050661
47719398
83365712
29779145
21793276
6097572
39006271
73336841
11253050
3649838
19481824
65137321
35921433
13526580
28777841
36628057
7787236
378842
79931242
33953986
13736625
54109373
3972713
18699115
56248921
51643615
19704288
22593231
10865108
27475515
22296101
70912279
8086065
13814073
51966797
436087
18824740
47389441
46077052
59386155
41294813
13509050
28691521
20691935
28061700
49791405
3850303
22630421
2949685
9041926
5272197
43129841
13290358
8498222
39594616
5412085
42525194
9200867
40026441
46730586
63065365
19024811
4181281
35438418
5253319
94313197
24700437
2941963
3265003
21917200
25146017
25736646
150628
27420924
21023041
56717596
5428780
10986183
59864746
8174407
24469698
11715336
25004142
3968236
1603020
39407104
2038311
24916238
5026472
6767611
29142711
32601626
38307025
4546698
656594
9609256
4732795
28218269
11596234
11169974
14406484
3150403
8190321
24910897
31750930
60702697
10995839
57597256
50086573
24746627
45596101
19266833
7220991
38011181
32951252
2775655
50987927
2575426
16479900
69515476
67200121
27588082
8443215
470916
8524901
38180481
87682806
15351174
5410019
8121474
37972547
67768876
2622386
69665
94421113
65818595
11398700
88519427
51913031
2147941
2229790
5293475
28852202
12327072
36152162
30697393
11055387
33124020
813505
60784947
82453484
34869846
84256327
45179998
29291771
63942453
20627461
12341178
18323665
17735914
30925018
5516984
386901
60514279
3344111
2671279
18384020
585881
7444723
47705311
93626
27027131
432131
19265527
10440806
3578641
3327829
19314109
13641606
83388673
11152015
9586417
10986652
20645648
442421
1121351
51083723
42495091
7596656
5191399
38959429
4597565
28036087
38320995
47940201
31508945
5762374
34594916
244731
51853876
2040075
6751593
8183228
72700321
11864527
24002526
14464798
37611547
568096
65719901
3985140
194579
25719733
14195286
14822489
52016327
17550014
7782197
8197701
17428475
24684737
30879890
3302695
33773251
21831070
3981316
65071121
22470397
17991638
20647533
6170276
10471543
1097881
2482111
1443046
59932711
5917889
10155406
89245
14799643
8742385
8786998
74245263
15705051
62602701
1494386
57584033
27069985
33464044
85786198
1069659
35644071
8742251
13169492
21748099
612906
10987516
9682213
47481830
87888352
41520907
6932067
23920686
14081032
3476810
62341696
19963274
302098
6957818
41771701
2472001
6294852
3627691
16464003
88593563
24329431
44143111
5071506
41991786
8764009
20085349
62236258
23937481
35251526
6563442
2504228
39739980
21043031
43581321
33133475
17759761
1030377
141061
399193
20554951
12883416
7662794
87897245
40494630
12313757
72352435
4075456
5135903
44504065
1115400
12519537
5864932
2202621
16454735
25260903
20051165
1138974
9322596
373922
44564555
41286770
22840327
12515583
10346886
20934001
12068898
3130535
2010017
3938801
67523743
1202
7461029
14916822
8501240
5484913
67745
20107622
24532509
18936681
58356001
13682051
70407505
15854842
51650817
36484562
33161730
25147761
18847920
67890389
73831681
56995615
688050
13088618
52356313
4348803
1852660
3726364
1855875
23931865
34196911
84667583
10401207
6826010
49645905
12908703
5587931
237408
1955327
1425350
24584722
18532672
5202530
72291907
63055585
36646728
12503592
58506001
13186755
11161910
2486741
48420305
18022387
9609671
17298545
8322436
8282177
19048849
16575320
24518273
53744545
1106161
47622674
78839380
4264588
1979033
2382381
2569920
59691073
6185925
57012476
12947574
12823934
53492653
5694172
2628902
8253291
11069465
58687411
1568447
62486916
31117451
15106530
1848226
72029161
1427413
14793211
16380886
15436037
32953223
16997275
1681286
20527347
10965437
1176247
7013407
6200312
2588402
25069969
11123721
8602590
3052817
3527130
77220257
6290781
4810327
82191994
626437
17330348
47969153
2689190
10027287
32878782
54971543
21192804
94732
2516711
38658912
9774049
40923008
13711888
40689361
11535223
51130765
12307702
5108365
931147
15247234
1007366
26621463
222046
559585
4920269
45910225
579280
7804
6156426
14014676
2704365
38774191
256481
41719129
17625876
21597013
58411969
7991170
4918837
47036816
48687541
18346385
1540273
6910551
7397057
9555820
20965131
3226081
19447492
9341396
20758034
30016377
67690907
18677630
45863935
6391875
10194068
9421985
23774809
4178375
2265092
21548162
22603992
6646979
11577558
459880
124138
12648651
45935010
7658068
52312745
51473737
1147424
18055226
72054658
1297799
3040042
3147985
2248608
957357
11444683
20885086
1832428
16992795
38053847
11442121
16578847
1752186
22695215
28425933
17858397
4721854
14329125
72806923
9747839
42056981
2450425
16685417
11943386
3392302
51820418
13421604
3485968
4956771
18622441
12326056
10039778
8088724
2275561
10051273
13491978
3146526
10221121
12129082
40359075
4505005
4794941
73136683
76734307
21558137
3568332
55239893
35890039
56059309
10915373
651365
6823393
66582325
2216078
7494496
9138693
68481703
5766533
28237159
13622582
6146984
33221652
28157430
5438111
22696679
10242964
11271721
7744733
11237460
5216565
10029370
72992701
888095
43069846
7891385
6784525
6106828
2392215
40707216
13627681
3685948
63282831
10435174
6506434
1214762
17056364
79785133
4978360
9396752
2291155
3477711
15275379
5234234
17390722
33316904
7365284
55323741
45129181
18299902
12511191
28303128
8503433
76326343
3610157
5200277
29062018
33588517
890668
3292998
4480225
1964041
7440140
7904404
5187939
62659196
44290801
488068
18810623
3058216
23873787
2829520
57381311
8548368
14997586
12279771
17408471
1726203
66666133
12736607
5213666
39385418
34780998
4841607
2850153
319320
76276411
12550572
3485704
13470703
7783964
36183925
54381813
10035173
5396378
1983859
75556
481694
19275529
33796514
2832234
9383841
58743350
44743576
4594991
2868334
33940524
64211951
28423244
7494175
66137932
62525889
84610999
7173398
5781089
27760658
70565149
208832
17706285
13000411
35854
12489176
70039561
7025368
43444756
2057347
849412
7690811
1216154
54502882
5599561
1032232
54169821
49280895
318118
14744958
75118819
14320096
7694948
57796774
14772678
1371272
54928147
48372977
20606851
41154049
54172031
3206947
36463630
11965187
24115105
10262552
39671759
16106833
22622887
19374014
5706340
16121753
9964502
22161476
2154181
46433141
8270986
35230142
515357
20461149
12405388
79092326
51683329
14558143
13451121
7076893
10382350
12376435
1367792
63706933
26712713
46648786
2549174
34752125
38125361
931605
34810561
11796212
4602043
1105276
12995068
10163105
30886481
7476841
9645195
11816365
34037422
38600401
9262520
65118457
46242769
27413191
5357143
7918751
4066453
43966457
69794
15316136
979020
12421700
16378109
29768882
7009536
31118161
3143682
93736593
1299242
5765849
14005003
26963201
49310497
5252802
38874601
26852537
26539009
32226546
1549875
50447667
6343792
17578125
12380271
272148
34643774
3260297
15725451
12524163
13241049
8458100
2740212
17200199
27197054
50093821
1407878
2182358
18440083
58420921
8488579
7432996
31489054
15897904
250714
31986239
11548595
530784
47168551
951884
17628042
67029401
8691409
6261777
20466628
58804357
20645073
20531548
18999900
251685
18230987
71139961
50682589
12642166
1386974
33616793
63008929
65836981
188245
11169643
2662989
37937491
25281957
16588751
24920064
1868593
52343542
113370
17248411
19608213
933161
77882851
4185047
4145806
41577369
21332112
20119646
30902973
58185901
4012918
1455514
7422681
37058761
11914556
26551634
55030717
21270175
8971972
60603621
1486915
43664153
15348559
3743877
25900873
2302022
14353761
37122471
28244521
34432201
27725627
89295
76288213
19169668
32118113
13337319
9411601
25750298
23335886
3993809
4200258
7928903
30553982
1999797
38011442
2563601
26793289
8935801
13564015
17766874
5589436
3492275
5022546
4702825
32338490
4873005
6864488
2512364
1581741
3736663
11839369
8787736
819196
809142
87136561
43988429
1028756
9636125
3673905
4719083
13143439
2064241
4091797
3989388
69112396
909264
12974799
2574672
9294194
4902391
39723430
39601
20535598
7717112
23108599
2224420
9793955
3664520
7030204
13126520
47367438
7161656
9063438
37111741
30595937
1381722
49292055
17302527
12649955
31100430
11940776
13445027
74613956
9936104
31196377
5131309
4752082
1638671
21926044
17399442
4894645
29817170
56570359
3188747
15305204
60097297
9917192
97233238
26812554
30578631
73803841
3442382
22865262
62855485
14184696
4749875
2951981
33295789
569657
27567517
12061885
248825
4832387
1060120
44516113
9406206
14573023
21867679
497593
9512618
10705007
138812
1039949
7027417
3411916
6768511
50962826
18954831
4797871
47758389
60316903
81232035
276032
8228950
41456781
16206473
16448435
1210804
2584029
23917609
20877679
4402519
1444179
44166103
43499533
15050219
19073049
4700161
98453
27442489
23777152
5560233
15671093
13813856
34293241
3228195
23113400
9002197
2541065
1834961
3653155
17593370
37885317
13797974
75021065
4940833
32699409
23687236
10451201
5001977
229005
83672467
8469594
33530457
2201165
2688475
28472019
40526826
4585083
6112249
13108884
1244303
5163355
43445157
43397949
43058557
63976901
4709217
63630201
13814066
26534523
12777976
33233551
27209510
15702725
58072456
7761959
2939919
1890351
30562489
37098986
14414943
8983849
7227571
49537531
16170710
15747916
21204457
27870013
64457251
75782818
5667831
48882081
54043463
19411240
2541894
73185841
30266873
70942565
61797701
82950
24339028
747434
47833776
2711521
45935251
19744312
42989608
19094062
18434501
61004
1150856
29458417
109208
27755
6483340
35969906
6125677
52374961
242657
16612074
10031113
3974731
837240
12195044
53390626
2341652
6980083
17875951
5347892
30267196
5596785
21040561
2989366
24776065
47287
9668839
4187004
10173804
29349826
22386039
11496814
12109441
10039386
67029301
10417916
18888429
18909685
23639710
26296117
15347558
55690585
3720966
6915937
17318857
11173209
3216540
18298
35721973
45798578
6722779
56619001
65863420
9139901
76737885
1422950
11742914
50111301
36002102
57403273
38390033
27716405
63396541
13121591
45735661
22650937
36972350
74385093
989335
50184202
9198797
34299122
64701341
1640162
24183602
9677695
35886151
22203483
8753132
2156041
8872815
70145704
577306
58031601
80211931
39436684
1823608
69248209
13162412
18139721
3572731
9417414
13949721
54341881
35942954
33200137
70365118
1114189
9313471
3479337
56719726
2880571
631180
72732331
54290409
46811065
7971180
40526704
25498621
206062
36935714
1517251
47030671
21860311
17400522
2429126
25304643
12536811
61566157
10260108
55834969
26337517
64762945
3423291
46866814
33421002
2443921
5040944
55732584
3004719
19427167
35164396
1747089
5671204
8616812
828518
76719778
52573001
63470659
37063329
51579901
313206
18036722
6614793
29594162
124900
13616224
75814823
2605007
19511436
20351466
38096212
62054059
75317821
58704923
2059058
64825801
11330506
18443
2485525
2021439
24038401
80030076
16733522
39566340
27738994
3673289
34765202
72437419
8533231
46589377
54879973
43685245
28334254
48716488
26682091
13214092
594511
39703090
8076369
1108792
5129687
3557065
487162
27890409
511258
32221322
6141722
48396001
5641743
10850564
53202850
54374651
14540926
2740598
2318760
3016176
17123779
3834731
31631481
106767
1177771
40198709
10075256
1867894
7738750
96732241
458727
13704906
16797449
2077641
66579673
50799491
12615631
5227658
406946
19828579
16854884
5583005
20815994
36143325
7157000
50534681
9376451
39696296
6300038
10741508
6165821
6886063
31506125
31177239
90070993
3491121
41857635
12200676
3126961
9851224
295850
5384927
67084585
37947510
2846341
42005769
16031658
98085
14283856
236740
50082034
921394
11430615
11467368
2098257
32880767
70654241
20101643
51195589
43253064
4351393
3675654
11976845
2116953
930931
29594782
87804509
75116966
40311140
13951009
10244075
67785
13456615
13371489
757795
34376362
43333589
3210539
5490545
20000106
3547703
9902490
26579975
2309879
21198070
18480677
16634740
2052125
20697399
1248207
66068761
510308
7235077
59211973
2407063
46379641
1068146
21582980
345187
3461664
19478896
69408301
5949649
9289426
42687757
1675802
15532
51731695
33780276
52870321
7321964
60750601
784553
4521852
23975298
54389781
32360594
33155102
15299903
46607269
8456220
69646177
2142105
65661307
28793911
35477987
17505757
38657459
1089294
75581760
12046206
1956327
21254082
16515127
33083689
53987068
26353342
742694
41136481
441133
3596220
11857046
5202488
5521851
9710821
4912336
7589340
11940428
24071241
8704152
8047945
34341227
16459048
13451059
2976360
7074759
29915385
26463961
18690966
24872934
3225680
3745302
25522069
64252969
36409154
7512690
15180424
30004712
5216199
68252893
34002692
30734705
21899125
29055678
5915445
22074364
52770509
23130474
11180492
5303763
16973368
3473
4292044
16555516
75241489
41889409
4353400
9117895
19197644
53911813
44872584
1387878
1724155
19655682
12736631
2902901
8556301
1900173
23411459
38714275
2959503
10018118
20025362
5920600
11595961
1682014
13877513
3599620
86828353
29931555
6354418
8965675
56931178
6156440
3045618
9444213
7912265
714618
32012930
55437751
46954209
40662994
39119297
18597009
11527661
61344765
4622932
31469185
19849700
18902782
3010731
441738
1941286
64434125
5820923
52696645
2539754
5542713
42814561
23275463
84806422
44992533
63342091
88983280
13447207
39208934
35680642
15604375
23377429
19253079
16835315
3405055
22227199
34577929
57873645
1563715
12159248
18798601
50606541
8653687
16386089
5748613
7519068
2522537
5607098
32839266
67952871
68685356
15886194
1706277
15504205
359446
42194397
18603759
18249599
71646462
25938991
15975499
45770761
237515
36328375
5713984
39495602
23413899
39545089
85190491
40234992
2583556
1721149
12466631
35767969
55021548
401020
35311755
14614601
39609217
16750805
12689032
69405509
46095141
4306878
81984745
50910265
23712715
2912915
43422169
6785841
29243820
57818
10088240
9376053
37766212
28564234
1448015
23704870
5231443
20506386
15921176
25388786
16514177
13953721
46922498
10013929
14336163
2738599
13140444
18940087
11589931
30778985
4802828
14000828
5909812
19019843
16123398
14773478
39827984
16267764
48630289
44369157
3046353
735553
5207676
3180682
8583661
1297570
27990514
2512592
3361643
21458327
23937590
56203975
6294833
11833471
23623561
21991723
9110613
12919376
44223986
27531441
61381935
91691706
105950
926593
182504
10192393
9994645
19043653
43187824
5892307
9818110
7241131
1727714
5983245
6052809
3455899
19012839
967471
39290977
11822955
50062279
61236961
9054628
75987001
8593375
3579840
6458479
5379880
10291089
10613014
4841032
17464412
15339994
25872073
34439681
2624934
9802409
12639796
3302959
15450115
47050174
8748303
92397886
2424053
19294978
1028556
38088961
20188564
63947206
5670426
820246
952583
43774450
31069006
9919105
5551126
894347
10657918
23324329
9427149
12095263
5855052
354529
20271951
35005441
21286984
46309699
3133760
12131374
66298513
47208464
14737296
145314
8883153
9464136
35664341
12828202
30074727
260921
16958341
11361055
53221601
550911
2219615
4042648
33289333
53298563
794256
11995746
3558160
68406941
4259006
39623702
31585861
271615
37415010
21248584
2283668
71816779
91389006
4428615
12314999
60085501
4597731
15862123
1780595
24684195
40360431
40148847
14316774
57018773
79606342
17337668
66578909
39142635
13193123
10504002
15280627
14441481
17950037
21658984
2277643
30863695
87853947
36005090
12713395
6449525
59229910
43884355
7035384
51293593
45313906
1266183
39581247
854463
60615541
1920571
22308530
13508287
3183236
49569913
51290332
31442672
33301258
3777546
98227841
5531799
14891878
20416569
39057848
15564574
8377689
52218693
43712449
5771676
589338
101874
48638326
16361666
10246216
4067826
21996549
1574947
41687317
22653827
1992673
18078553
19037279
31794201
1820013
38862796
16513641
84433489
5007484
2959678
70502887
6993921
1750568
76064151
2052476
6564841
6657411
36279355
271499
40135501
6589887
540076
45575191
1207108
17254118
1486367
28012602
32419711
96938956
2620776
21366249
1452786
242523
2381085
3527275
20818582
962392
85989
13106298
15543789
30426790
61703066
10917936
48333454
13303645
441181
9936439
7890697
1452287
1808737
4216387
5174968
23936690
4627700
41505824
9462063
223644
35501757
19486201
15191417
55951876
1395826
9524082
21687941
29555610
22458979
44107441
11898361
29570542
5126552
184011
13759721
40602043
13892194
1036494
19240198
6602737
6437998
12548803
5030343
3226163
1141025
44049041
21816977
7134746
1185038
16547633
2216238
1897401
22365058
4175811
2112715
46657154
54232870
11250199
6830251
5967827
44179906
20659795
9419333
18702254
33714529
30369194
1663439
10718777
45264170
57894793
31668503
23430681
13416985
15428026
810157
10779546
63961801
25747099
11686376
5424034
18979203
23775061
19426
3706851
1079895
14499265
2019361
3793925
29684591
26653201
45255250
68508945
45306955
25196582
10227316
2476140
3665892
6610798
33767609
2610733
26016907
5296033
86707894
727159
2503138
23658116
22643858
11711927
571572
1580046
21166204
21719891
11992055
14410052
7979402
13051882
2891564
41632129
21033616
22190917
4983184
15538574
5397448
8578747
1815577
1343961
13189973
27886273
41243983
41548746
28437102
80029799
72322287
77262303
15555758
16905729
45204391
85717
30289660
9131143
43895387
4288007
73575146
32678102
38226657
45672
6995249
4388025
19473578
16515607
19672996
41649896
11390150
25017914
72204441
66039422
57653226
17792102
7062455
19613532
1690949
71528535
7169476
5228656
20003523
11855437
41045425
88484268
35677808
26586980
6868387
11837831
47964544
2911226
2385880
5210643
32205602
1845691
61325041
364900
26391359
1874615
20408201
23096569
15075100
5342204
8818858
16377844
18885602
4984486
6235962
13649917
50597723
7085049
4958833
5247269
77612739
37987065
1414519
52700177
16007747
72945574
3088611
13210974
16295870
32909756
14407513
30818156
42298075
5744793
12281705
6883243
9945549
51174761
58707991
16419141
54411193
2676239
56163
1495434
27809803
2292865
39588034
48846337
24973203
1192011
20565091
46066177
3534884
3593206
64686205
17328437
43882802
5441636
3011773
29471990
2617958
439509
618555
407054
15762061
6601564
29145347
14002053
46301557
63959625
60390207
44364465
25113115
972454
54133751
44917521
5088483
26784430
2655515
3650180
35412520
24604067
29262434
10003384
513675
4255776
23428128
21873708
25892022
46876301
52664361
14386527
36254514
5101217
14726324
15264639
7208557
16780594
34192939
13914857
4239586
13159854
54702229
794581
39466666
36712045
30140686
29119667
9608405
2094910
744634
4843137
61306771
780805
53652049
1118737
3419361
16555
2318000
1585215
9937201
27592277
4185417
4029597
20456858
6662041
859850
2451
19081273
28463766
12773087
444094
44997927
486303
10838031
26458497
2267173
9355515
6938000
11522393
36132496
29290780
29123164
6161179
12164627
22029081
31167953
50551
11819488
10968791
8026
33990137
17876328
10882021
19623745
5879405
12953418
22564520
9311836
15163141
6503281
3138590
47091451
41260353
21180674
24220550
1689122
13781797
29124470
20941893
28492862
14624597
23587208
17391205
5525227
35939269
13907705
13565438
2999012
1529870
75923713
49680639
25624909
12414267
3736090
46503937
793613
2974249
10965223
24848979
2266439
18700513
21521570
1633190
2372702
45451313
44712
52943815
3765209
67076626
9214444
43547586
57460078
12838717
25017235
6540794
23280033
599187
53402181
16873951
30435705
6164954
21857365
57627451
23360506
8302086
1703233
2637823
1362300
16657372
23817394
88552359
6337247
39104254
5868392
5334116
31805945
5815694
2146316
3336235
5352028
10785622
4705801
46794927
2857982
5561063
215273
68827366
1972165
2081405
2189661
28698417
37033454
19539345
6264441
22428695
15902166
8633058
50030084
10132084
11748003
43207455
22281352
32740202
3243261
44951707
376606
4462324
18919102
2704039
56615817
1040707
1934966
27735380
13972146
28439830
3825261
26640027
43966318
6419889
1555282
1427630
24912625
12188822
18206087
14080905
1006
1738172
157441
18374443
37643061
26785442
687889
1712363
53810561
68910671
11335321
48640131
81240801
77410369
38477321
13550462
12663552
135231
9918148
4471214
13835678
4981765
35369164
13128280
10201287
5526981
17088728
35693954
52668307
750708
41892844
8962166
11102911
7144454
2904507
32438829
9739126
24019859
50207521
30016097
40842274
20786530
3098610
65448769
29935939
1105527
1903451
3396193
10832473
10648882
16697868
34751283
7862262
37434368
36935695
13344535
28981460
7746901
65799361
72965953
62550809
8877080
6679973
8433220
71072288
11420811
15944492
35160931
17134712
2296796
3915697
17294839
4126589
7120446
16393093
61972753
16732595
12326206
52763537
876268
25868553
15148786
67902517
21121621
10983041
6654955
14711355
2749958
7319719
52471791
11649739
1153445
44331827
28024230
30936929
11349268
994565
24972361
10927646
30326210
1063315
3394949
1015587
23359876
34471241
6742264
70931884
30912145
46004149
26868143
838149
83969181
955331
32207969
16217491
5556900
16140272
15796083
52439749
319664
8356366
2270053
18833484
52577295
29584604
5814919
27630739
87426496
11978027
20933223
28812707
4399617
19361686
3700937
7603808
3767141
1849625
33343699
84666949
9969684
47062690
17571622
1466884
39305521
17797618
7202903
54470320
4681354
395305
2722486
38258914
3156357
16463500
12064484
9027046
13548501
9926281
14173113
2470300
1354321
6593897
2554891
41630925
4656956
4411027
78618827
12462979
5331999
11965185
15028554
2597501
18677936
68209985
9484944
14076742
23488084
53803761
34146366
32540881
81163435
1554957
21014423
16599171
12200551
31583486
61943159
42375571
13043273
1075466
46580353
11168701
35567809
83065105
16967032
31582555
2533697
42617991
7783345
14376139
14538945
4818441
4515963
10798770
32624902
17694989
68667463
41345296
1027162
844705
2072879
13135712
6475505
7592846
24937886
9624398
6394046
26285716
24154994
13007218
11300028
38036842
16921412
1078634
35893681
49092704
43017161
1687058
5224760
37730400
85228859
21090569
31255381
16612206
39121591
34556521
5755738
8227036
2354395
39483757
17857667
13624409
19167904
27492774
50834881
1043709
8244937
120447
1767913
1401412
30932013
17387585
879061
750603
854315
20172154
9399381
8102960
44406472
2998379
65402681
24065425
3706849
10452668
12585367
20293621
90809139
5089777
23046606
10489683
5985023
7164044
15539446
15412473
1887192
47867513
7338269
12556532
233026
8471650
6121826
20115684
1783836
4867200
3407236
25138144
35892098
1320663
1217771
7830600
29919681
5410251
1752810
844061
9941143
18050372
61720660
28286497
8501225
35460812
13221253
94884434
35496501
65431858
24496459
1948839
1850958
45704289
25795441
7233861
38265982
52017393
13340937
4709600
20225896
1988115
58644439
10948827
77750571
2990642
19667581
24008870
7843538
17626295
16204302
3751304
1448407
4587677
3848695
20865160
80093201
25716081
26363136
10842985
30178681
73280479
54709266
18600607
6249170
28847319
28656289
9064555
12424077
73639825
18819432
59252590
15676021
9420187
25021157
44890552
67091473
11162886
3684415
21228042
4316051
2122477
49561781
39606009
62104513
259384
4015804
26138226
771319
43126233
12953601
4611885
995721
11012731
50284261
14971713
92389549
4979022
14260281
2253120
64171605
8579072
2128166
615176
16962248
56928303
8790331
1576429
15619929
8862699
15678586
18074321
19044898
40958809
382509
88385977
36734444
9889857
17826645
2468547
19348687
12860401
949117
63120097
11563248
19332002
14090342
40634791
30250318
14532625
67185541
11923472
10152166
1137644
48444601
3522926
27148465
27372860
3153737
14413451
381274
5779859
24919030
42445439
5960882
5585431
6059918
6139798
15004894
8772376
31761943
31317301
16012569
6154851
26237968
31085555
48884615
37987247
60685129
4992255
15558338
13868667
33268723
23827729
2797811
16905513
84570234
20529829
11834851
46361698
2576906
22164305
24686014
5753905
26384392
8384170
86659
56611231
67183201
11609957
54348827
2020828
7433975
13852672
1419991
2833140
3960274
33209161
28541233
25359415
11585062
6547970
1156100
484775
34198969
8631359
62316981
2590251
43568369
6130802
12486131
2049131
22283586
16596825
12955358
7530082
50305153
22934147
72607677
18214946
17700648
41340420
807449
2135249
2331593
5023102
12502145
18724359
65101492
23294482
26054809
51877639
17829649
60177985
49999006
19234500
4391575
31686642
1408877
20893776
4499295
21987625
4786485
16933766
8538267
509112
23292685
37548316
39080611
29707729
51191149
785238
51682177
2024989
20426420
2045105
1317333
1563999
18677432
84427849
3726340
65329936
27824657
2662508
6748602
9161962
47517031
60914305
3598843
40802185
60721651
2799620
64583524
6436311
13792404
16176459
93118780
4726709
51241897
39451134
30370901
42928129
17652657
134133
16179570
1189013
8480101
17028796
3080786
56931601
16087790
11414037
344422
9247864
74298511
10065442
2608250
8884809
26192715
16110955
27040462
39843175
27103121
26270883
3838325
71051125
11805699
25210165
32572288
4419391
4131312
2721682
3322887
9843679
11890895
10200666
3898572
11612533
541944
35286067
41934161
53659069
17159515
1993429
2796765
16113114
5842652
71279304
20153235
18358124
3010481
8668290
24935383
22357872
9809884
1203540
1185448
61821817
6760902
62484556
6652040
285050
7515399
4136879
14750261
75496066
35958786
14846165
22165453
7450531
3641896
941286
65336584
25033042
2387379
17914750
19803503
65640541
17588342
5991929
91394231
2171889
3828344
50318249
35348881
15280814
13678843
642041
13440755
45097261
4806314
46501183
28186430
22710464
14842894
38720882
12514495
11131484
13054935
405608
26033137
2719982
25173038
18083820
24923219
6948927
20685212
21895656
35824442
21766621
18816003
13616465
1169302
24555709
59407545
17618156
4464191
17294132
14753638
54260515
28391728
25311035
15331570
5853599
47992140
15121733
15335409
842243
8930741
27524141
12230059
74326723
13948170
16460308
3838826
47927296
53954491
20950345
26378094
20274790
14783371
362051
14480901
29383518
34463521
4834441
4989364
48162727
6918789
173279
42238513
1042005
17998426
4157308
14941655
3673620
17013602
56581384
29669732
71227456
7807173
25926751
25850139
18324637
47027585
8170424
2061715
8722038
27160615
18720083
9559127
9365896
24079898
28388621
8403802
7485859
260576
54690289
4180493
60849855
58792246
25580689
60358222
38200098
8357336
17824929
15543223
36582733
5148205
67513917
2420391
1405798
22417537
13308960
11857591
10092542
3443007
37859681
24358381
3547320
13434753
73614809
42135787
63754768
60534559
5564668
2067211
3616254
37425037
3928081
11519804
191627
29485171
2736606
28973684
75811391
38277697
1335699
5875634
1736574
51049142
93663564
4580749
9601902
5907556
1677218
7180295
1747857
40812174
22072683
30004261
14805811
47031765
2078155
6639169
9839119
1017506
38073349
10549627
59579715
1234118
27772893
19233467
6222534
12645469
19619821
4578694
11327925
16597311
14970773
14121856
32463052
33296631
2990548
10169783
8704133
17726225
20086081
14357129
80702161
2617315
22484401
1219452
37017605
3459416
7051593
33858630
25064001
3550373
1914896
41063008
7779613
26103696
33465135
58669759
32935793
57880985
80301775
15460962
1928814
4414087
4708957
31347350
6036
65191348
5583565
1641623
22508772
49255061
86804341
60742033
5714421
8195535
4801043
55721601
32774242
2393016
14734558
6874837
28393004
13759202
13054422
52437214
28343761
70685665
8545902
36320577
16353793
32628393
6494291
34213174
390529
15622423
47490496
19562497
16930490
2608943
27527761
35462719
33041548
11787351
371048
214798
12650219
32445433
1937716
52808662
65142793
5086227
56217153
36836707
56589801
4412909
7447201
5635435
15939379
2133535
3528786
1646781
13698527
1334206
20430817
366596
10611810
18537772
58390219
11643501
5418984
24503619
9815579
3350118
18464252
18394275
30364039
7012449
1573700
8681667
10474803
324064
58625644
35758041
35132208
4428386
39982807
77086983
1402963
35472958
3579393
11131760
19977
850431
814646
62643159
5814006
1226022
1814412
36208760
12160235
444657
31756447
2894922
24677889
18751450
1879119
53049781
79839787
19758217
49960621
32727736
14290923
1346471
1545124
3114750
55213291
42038075
15373804
17061028
96424399
49718353
51734936
35838718
47219719
3139771
1700408
308902
8898405
5877541
23761489
13108226
16119769
2132087
70586461
18855826
15297160
12825525
8985565
9679493
69533812
44195010
1651334
64091905
14378737
1869051
10630403
43382353
2359292
58625806
5999139
6995546
11766888
41060587
76269176
21643092
16913523
19953991
23903545
29156403
52267501
91020869
2521210
1369679
1639737
19236387
1779978
33858496
559651
11146756
63540829
7254262
1441671
34898317
19332361
5803851
4393177
7661529
2179959
5225228
2556921
23861569
36908806
2185449
2659801
5009864
17119327
41310596
43403234
88495745
66225083
28378486
16492347
12517417
11930977
37173989
37191349
3213436
880740
1740800
43532581
2939809
24118601
27280578
19864164
38168925
415522
39842482
5171879
21580832
40781553
17503625
33451969
1720679
64183141
7163083
23643577
42208247
12517302
44840842
14758907
2001967
21297556
46671377
1885642
48062890
17613751
77687716
57971098
63760649
31707608
39923751
42048721
17696449
73873281
35693837
11885828
14553896
2868733
76609233
562015
8663329
7437949
18888316
657696
10999369
8244872
68082
27505610
56240404
22523733
547583
1672985
1601257
48990601
20671520
30432481
60677101
83337085
7912313
12061429
50617877
32494242
9222559
39199451
10016203
2737506
37321865
8768427
26443307
45788248
584197
9825850
55361593
14313002
39696529
89813046
12348924
21027912
12005586
13089387
19873393
6423103
3980172
20990143
20717137
80514483
12042813
44127618
15113296
1840987
33236037
19676240
3823811
4447521
86072069
13913929
63231757
35246022
16064030
2031123
176615
17489241
9130503
1647521
1689938
8655921
12901525
459511
4256975
48224637
50993905
29596015
29024212
1086346
7781621
15033432
7596460
97750066
14894551
735548
41679190
16461268
6914762
40787659
3170408
31066825
9425395
6703709
5719898
1103196
10577927
2426893
718083
150470
3926273
2512486
1489868
22167470
73258277
12810052
7038997
54297783
46842678
1455164
9865859
1208391
4973628
3273713
20754478
21457298
52216001
608281
14034386
13511005
7681457
5421379
17234252
48256404
53277157
52345225
33152066
631848
15864972
8076091
54527989
13946905
38698479
53364826
14089102
1360574
21119188
5498854
78385633
26528937
13235905
405508
80517305
24443527
16439067
983011
34836616
2222586
16745212
3210868
4992522
5901141
2477253
5268001
15877947
31512110
59186485
72484241
30015886
1336433
13295911
4167549
16089303
19741697
11914406
12085355
44690669
13931097
11667397
8979045
2672695
6291457
6399380
60458938
29926716
4960569
59327094
18256002
34136257
1362590
24359029
9491640
295768
22168477
2266832
1083525
35021176
6650892
1235641
15768587
14907451
13089065
28727097
30877976
2424324
3456458
11423638
12358609
18479442
5462782
10718210
3904642
4027165
1303569
954093
22680916
10988539
231901
520364
39746072
6194678
28186291
90950649
7490438
20376306
17300946
6427506
85079254
29753353
1853377
19522432
28399678
15598690
50269766
40015332
14410863
39342401
661286
16631762
63421073
50594923
83997871
26149201
35772246
40154654
1779221
19701244
15874610
22507378
1635191
34459972
16351246
6151189
11125435
11267316
16523202
2025911
27690839
9650480
9771217
34136189
21088901
5465147
27586765
21678771
33741208
19787066
44392791
7413946
17322026
663641
50383873
2735787
1048051
44580481
479899
33851117
5414096
42557961
411201
41588211
3084659
8941535
6851202
7182223
1528123
57771781
38480465
979762
30041623
22257010
69010921
11019987
7038739
8340171
12372912
7828747
45376385
4107782
54168793
7811467
2398811
27116074
10876166
463999
8370907
5317065
5649805
37484578
11939540
82376559
308419
29921828
65927269
51766625
34557316
49923070
37812700
10336848
5285259
36468627
72163
51589181
12328405
19996516
7643093
20853988
13571204
18407434
30755305
15963300
655280
28228417
2398468
71372201
75478861
56142886
10693176
6580759
43529414
11361956
140640
30480858
2555289
7934269
50927037
6380651
9976436
445945
49132588
11816482
1253472
38075584
501734
29685447
54175691
4943547
1192602
12926051
8222745
33696557
5056330
45639749
37837952
249588
1744684
2958017
67632313
11999266
35175771
45719326
42433442
6693246
47292213
16212031
45086959
28686989
3060607
53873821
4095846
3887895
28167809
68789979
13877740
4082291
14178093
14799246
14530395
4001509
8950326
10845992
7459617
36617177
46721789
2050772
77279122
7834633
65121251
1807730
41036521
25929659
16225339
33640182
1493714
27929013
1620490
78340501
33978831
3243158
8427957
3791868
1199788
46341467
8833715
67259536
3817295
3118334
7542693
64353205
16659724
2113244
36327651
17028874
292956
13759981
8273221
35942406
46584084
79465697
4671746
6041959
3070936
1129439
838349
41754336
16591151
23706723
34897941
24051425
25296106
64268209
11397548
55517281
36763091
51966877
8248506
24349075
12347425
46044857
29158124
3061686
12091355
8927153
69703501
39097892
8152369
11003684
29536096
2209960
24094904
8169757
25238626
1312356
9637354
2292156
19881163
8911530
50110657
5975161
77111299
80334827
7911203
7175218
11342674
71222746
7798831
27486267
39585901
53157001
38888081
7467311
9575194
53571808
4545124
8058811
1471823
4300024
1271786
7860580
3232295
22277515
2724845
92313409
20438500
4780780
46778045
32980117
21857613
33309002
79719982
4082718
60559951
15985037
22331251
9159988
18531024
33800401
28943201
18677501
3596610
4623415
13392269
66996049
11312107
23122225
12636201
87851791
4115832
14013500
54546801
9663536
15087898
38035246
1675528
22489331
16613233
11833433
26171653
17534274
15810066
10330322
3387304
41234346
43774652
156852
17838305
18602724
5979020
9458923
24826811
53666971
44987801
9599603
13629215
969409
20980476
10009001
13963925
6873013
41058102
20666083
388347
23541715
1745918
8860441
8602085
29258930
953923
34778485
41093519
3447542
18728425
59672569
16774285
32456252
4805336
61121957
14338902
5370501
9556471
6885855
79556
32522935
34558424
9012991
37273633
539648
30272638
47019705
59628265
58540054
37609311
57638326
12644845
86156926
4338893
40843645
15385501
29451241
40858062
6688654
40645775
26813422
19327135
616880
20058886
7085903
2193511
4623709
13135843
47048470
4325305
10477643
45573548
775398
6094126
5875761
15237283
48721081
8146457
30236387
20832449
41160755
24294121
4242565
45942846
899397
22370403
37461269
37602167
9049217
3188641
17117977
15491478
17567401
17611292
14517327
1289410
48540259
9341375
24161641
21785797
40154523
48644865
13979225
397701
13198524
10506194
39329495
82487422
1837918
7883107
323974
11641905
54909181
17060689
4574393
34354707
32342774
21480481
32949951
73975177
1207528
19828588
16000583
81205727
41230591
3846988
7540317
3025530
15331756
30144034
2188213
8548881
24165590
50500909
8158714
19009624
464476
421719
50045017
9065853
33443087
68999921
76031983
32403619
521263
50777133
6500116
34078542
6483361
60327136
24928042
69065589
7851802
46381441
4112135
72791629
7277906
13090235
59556043
2953033
87180289
35869791
67910077
21531361
20186014
16695441
8778566
4070410
1806001
6567022
23999583
2082010
5662721
8530647
8159537
31512196
5892792
20482102
24555329
25693853
40360210
8946760
46139381
11091889
11155822
18836851
1503667
11217067
31503370
5593
69831196
32311981
14911374
13641329
31287482
5725601
9567863
19344461
26671529
15998595
11579636
9652507
50814007
38076801
5808360
32399486
14753076
10443609
37775501
815632
9778545
2788393
68376708
21301953
57087
1541346
7980163
41013193
14293043
6264586
25419876
1322141
3497436
17524273
8676648
44780434
1168600
11346
19643563
8163949
13644320
47857281
16088483
3884865
42438316
20772235
4928071
53136847
379379
5415313
45923853
29548461
6667551
13435132
4545239
28799192
11359001
3464991
3683489
2235852
18845811
12211442
28561
17597736
30653267
28353933
37630581
24565433
3119334
34107
87334996
15370326
21231891
31105865
13715450
45818953
3412502
41704852
79359941
36043288
3392170
14193867
17068988
76123841
41993281
4471961
2253012
41622473
1250669
52679417
315125
5726705
33989386
16091674
7843556
26971396
16151175
48620753
8709541
53151463
30566593
341191
24485161
4871506
300992
31156021
23927443
44152585
51544949
48067276
48193237
29255117
18177085
11533371
2324367
17328628
1699527
52358225
56195943
51404116
9208819
29467397
5959759
8080125
1888302
18713601
27120502
2615134
63682228
42589183
73007002
711748
60775276
46100701
86617372
54408039
18613505
23285189
2418365
4601662
15504096
29800561
12159994
8938582
42595365
24204993
27423868
36006848
32823518
5166623
32440626
3053499
47098901
18522305
88445869
657576
1927332
1918282
741018
3620026
420818
4695189
2022428
3436305
6556453
19762991
3945830
3936099
4831290
85162001
21770596
44219863
1143792
27511576
674131
2258760
8721123
57771539
3375757
21826225
2420112
40363945
80792201
30111857
11688608
255949
88774477
1287105
20850316
54210876
16120014
13454934
31647275
33073834
15910444
14852782
31218853
4256825
41202037
17973559
40527327
64076177
12934443
48963757
9744318
45093511
50014021
37142426
25995656
52647463
12878875
2318656
12040919
1383592
5691742
14312459
43356041
8219333
15969247
80796609
3000907
31576481
12242561
4634785
6050111
71753155
4168946
29389827
9929719
40468681
12786
1161093
33521281
70417337
11102224
3982139
12808486
59440206
3583092
56990837
27509821
9205977
5454170
12166703
2937263
52811695
64808939
11322679
1257924
1488891
61309591
7908308
63630260
639272
6882869
19433547
19966465
1062051
7480369
17795068
6381943
812702
17404989
67808914
670301
39714677
12819489
12496936
8587170
67995
17928131
41387809
1949564
36353208
12302983
26931369
36988161
25013213
52088961
10653421
13519956
17374172
41778464
3908402
64209753
34753422
30837314
1052793
45643652
36768574
25489513
62849801
5445856
1426920
40855013
6255847
23806913
483485
19706231
37843357
35550722
9743493
8247427
64680275
41366907
18939508
14359467
22239081
76014007
9191530
20856123
58282401
77278540
18915085
70021453
43571401
46325621
5772387
5600768
18196923
13366087
13431805
68142741
32329297
11093866
32005729
17860022
4032708
57501449
2222710
65797517
61116390
696348
19191961
33301061
2288639
378321
12697920
41501769
6831053
52786117
50702051
50336571
25493063
19585420
38794001
11984819
61219369
39579914
5080335
21944840
2457181
6321041
2217955
3869868
20443585
833956
32400457
60562909
31560946
2576806
2768921
42331521
1959338
23444021
7789730
62385526
36324193
830554
3897661
17850237
44041513
21055893
24131177
92310856
3977201
25803097
4104331
26765597
22208753
12859617
2552294
11675067
13787374
2877811
23724046
53146801
8232628
6516350
39895202
32176884
5582932
39683659
80727787
1193207
80276497
1251119
13350099
28089691
30970319
12173001
6409677
6636309
2669930
14820473
706881
33646759
6386230
3165882
66600167
34022513
13553499
6840205
59642362
2812786
29708707
4114369
2628950
598859
8584044
18580409
17249510
29874132
489063
3761651
4873411
34257805
11229427
64108561
27340561
13100224
5102550
40661017
5201952
12460787
3678002
15836881
5690695
5698209
45189937
76837716
9517710
21628084
15994660
13926971
46988977
2992059
2978734
321651
21376692
13874783
36642727
78201661
175933
18782595
31385251
13589508
2693984
5352755
14674543
12194283
4456611
30676406
19804843
56490721
3567669
1182872
13845400
844882
1061467
36515469
8654407
1376192
7565062
21470450
3359624
692988
307638
28856427
5306030
27030159
19058635
62147251
21945081
69477447
68812497
21439906
9149010
2284942
6942799
13021011
9402658
27776368
7160257
10412929

  